0001 0261 0406 0500 0680 3900
0261 0001 0145 0239 0419 3900
0406 0145 0001 0059 0239 3900
0500 0239 0059 0001 0082 3900
0680 0419 0239 0082 0001 3900
3900 3900 3900 3900 3900 0001
